DEPTH         Ga           Si            O            C       
601000.E-05  9684.47E-05  3369.18E-04  3383.21E-04  0000.00E+00  
120100.E-04  1333.35E-04  3652.25E-04  3646.32E-04  0000.00E+00  
180100.E-04  1335.22E-04  4488.42E-04  4530.41E-04  0000.00E+00  
240100.E-04  1367.48E-04  5207.05E-04  5238.78E-04  0000.00E+00  
300100.E-04  1400.69E-04  5840.95E-04  5885.21E-04  0000.00E+00  
360100.E-04  1419.25E-04  6394.97E-04  6442.64E-04  0000.00E+00  
420100.E-04  1455.89E-04  6878.98E-04  6898.33E-04  0000.00E+00  
480100.E-04  1489.00E-04  7351.00E-04  7394.48E-04  0000.00E+00  
540100.E-04  1516.95E-04  7763.56E-04  7771.35E-04  0000.00E+00  
600100.E-04  1557.03E-04  8136.51E-04  8168.44E-04  0000.00E+00  
660100.E-04  1595.99E-04  8526.13E-04  8524.21E-04  0000.00E+00  
720100.E-04  1635.20E-04  8866.79E-04  8886.87E-04  0000.00E+00  
780100.E-04  1678.44E-04  9187.93E-04  9168.62E-04  0000.00E+00  
840100.E-04  1717.27E-04  9428.50E-04  9435.05E-04  0000.00E+00  
900100.E-04  1762.01E-04  9622.69E-04  9642.00E-04  0000.00E+00  
960100.E-04  1795.30E-04  9673.63E-04  9758.07E-04  0000.00E+00  
102010.E-03  2473.04E-04  6342.03E-04  6458.93E-04  8868.12E-04  
108010.E-03  3418.52E-04  0000.00E+00  0000.00E+00  2604.14E-03  
114010.E-03  3465.72E-04  0000.00E+00  0000.00E+00  2500.65E-03  
120010.E-03  3534.10E-04  0000.00E+00  0000.00E+00  2464.68E-03  
126010.E-03  3522.78E-04  0000.00E+00  0000.00E+00  2427.88E-03  
132010.E-03  3529.76E-04  0000.00E+00  0000.00E+00  2396.81E-03  
138010.E-03  3508.01E-04  0000.00E+00  0000.00E+00  2348.50E-03  
144010.E-03  3459.84E-04  0000.00E+00  0000.00E+00  2298.45E-03  
150010.E-03  3393.05E-04  0000.00E+00  0000.00E+00  2233.11E-03  
156010.E-03  3299.22E-04  0000.00E+00  0000.00E+00  2140.32E-03  
162010.E-03  3182.22E-04  0000.00E+00  0000.00E+00  2048.57E-03  
168010.E-03  3037.07E-04  0000.00E+00  0000.00E+00  1945.43E-03  
174010.E-03  2859.55E-04  0000.00E+00  0000.00E+00  1833.41E-03  
180010.E-03  2670.36E-04  0000.00E+00  0000.00E+00  1702.05E-03  
186010.E-03  2448.56E-04  0000.00E+00  0000.00E+00  1562.69E-03  
192010.E-03  2217.00E-04  0000.00E+00  0000.00E+00  1423.91E-03  
198010.E-03  1978.30E-04  0000.00E+00  0000.00E+00  1282.17E-03  
204010.E-03  1750.21E-04  0000.00E+00  0000.00E+00  1147.20E-03  
210010.E-03  1517.17E-04  0000.00E+00  0000.00E+00  1016.21E-03  
216010.E-03  1297.06E-04  0000.00E+00  0000.00E+00  8923.58E-04  
222010.E-03  1098.85E-04  0000.00E+00  0000.00E+00  7755.83E-04  
228010.E-03  9132.72E-05  0000.00E+00  0000.00E+00  6680.83E-04  
234010.E-03  7477.07E-05  0000.00E+00  0000.00E+00  5673.50E-04  
240010.E-03  6039.63E-05  0000.00E+00  0000.00E+00  4783.19E-04  
246010.E-03  4730.73E-05  0000.00E+00  0000.00E+00  3985.00E-04  
252010.E-03  3727.16E-05  0000.00E+00  0000.00E+00  3300.27E-04  
258010.E-03  2835.71E-05  0000.00E+00  0000.00E+00  2739.02E-04  
264010.E-03  2175.38E-05  0000.00E+00  0000.00E+00  2242.51E-04  
270010.E-03  1655.41E-05  0000.00E+00  0000.00E+00  1831.29E-04  
276010.E-03  1204.02E-05  0000.00E+00  0000.00E+00  1487.88E-04  
282010.E-03  8568.71E-06  0000.00E+00  0000.00E+00  1212.59E-04  
288010.E-03  6050.05E-06  0000.00E+00  0000.00E+00  9759.95E-05  
294010.E-03  4224.97E-06  0000.00E+00  0000.00E+00  7986.91E-05  
300010.E-03  2755.05E-06  0000.00E+00  0000.00E+00  6566.78E-05  
306010.E-03  1791.69E-06  0000.00E+00  0000.00E+00  5291.85E-05  
312010.E-03  1211.67E-06  0000.00E+00  0000.00E+00  4463.49E-05  
318010.E-03  8133.41E-07  0000.00E+00  0000.00E+00  3536.06E-05  
324010.E-03  5533.40E-07  0000.00E+00  0000.00E+00  2891.57E-05  
330010.E-03  3666.70E-07  0000.00E+00  0000.00E+00  2328.29E-05  
336010.E-03  2516.69E-07  0000.00E+00  0000.00E+00  1993.67E-05  
342010.E-03  1433.35E-07  0000.00E+00  0000.00E+00  1612.76E-05  
348010.E-03  1216.68E-07  0000.00E+00  0000.00E+00  1338.65E-05  
354010.E-03  6500.06E-08  0000.00E+00  0000.00E+00  1013.73E-05  
360010.E-03  3666.70E-08  0000.00E+00  0000.00E+00  8412.03E-06  
366010.E-03  2666.69E-08  0000.00E+00  0000.00E+00  6715.14E-06  
372010.E-03  8333.42E-09  0000.00E+00  0000.00E+00  5529.98E-06  
378010.E-03  6666.73E-09  0000.00E+00  0000.00E+00  4276.64E-06  
384010.E-03  6666.73E-09  0000.00E+00  0000.00E+00  3330.02E-06  
390010.E-03  3333.37E-09  0000.00E+00  0000.00E+00  2713.38E-06  
396010.E-03  0000.00E+00  0000.00E+00  0000.00E+00  2041.70E-06  
402010.E-03  0000.00E+00  0000.00E+00  0000.00E+00  1646.69E-06  
408010.E-03  0000.00E+00  0000.00E+00  0000.00E+00  1413.34E-06  
414010.E-03  0000.00E+00  0000.00E+00  0000.00E+00  1258.34E-06  
420010.E-03  0000.00E+00  0000.00E+00  0000.00E+00  1006.67E-06  
426010.E-03  0000.00E+00  0000.00E+00  0000.00E+00  6983.41E-07  
432010.E-03  0000.00E+00  0000.00E+00  0000.00E+00  5550.07E-07  
438010.E-03  0000.00E+00  0000.00E+00  0000.00E+00  5300.06E-07  
444010.E-03  0000.00E+00  0000.00E+00  0000.00E+00  3833.37E-07  
450010.E-03  0000.00E+00  0000.00E+00  0000.00E+00  2666.69E-07  
456010.E-03  0000.00E+00  0000.00E+00  0000.00E+00  1900.02E-07  
462010.E-03  0000.00E+00  0000.00E+00  0000.00E+00  1433.35E-07  
468010.E-03  0000.00E+00  0000.00E+00  0000.00E+00  1066.68E-07  
474010.E-03  0000.00E+00  0000.00E+00  0000.00E+00  4000.04E-08  
480010.E-03  0000.00E+00  0000.00E+00  0000.00E+00  3833.37E-08  
486010.E-03  0000.00E+00  0000.00E+00  0000.00E+00  3666.70E-08  
492010.E-03  0000.00E+00  0000.00E+00  0000.00E+00  1500.01E-08  
498010.E-03  0000.00E+00  0000.00E+00  0000.00E+00  3333.37E-08  
504010.E-03  0000.00E+00  0000.00E+00  0000.00E+00  1333.35E-08  
510010.E-03  0000.00E+00  0000.00E+00  0000.00E+00  3333.37E-09  
516010.E-03  0000.00E+00  0000.00E+00  0000.00E+00  1666.68E-08  
522010.E-03  0000.00E+00  0000.00E+00  0000.00E+00  0000.00E+00  
528010.E-03  0000.00E+00  0000.00E+00  0000.00E+00  0000.00E+00  
534010.E-03  0000.00E+00  0000.00E+00  0000.00E+00  6666.73E-09  
540010.E-03  0000.00E+00  0000.00E+00  0000.00E+00  3333.37E-09  
546010.E-03  0000.00E+00  0000.00E+00  0000.00E+00  1666.68E-09  
552010.E-03  0000.00E+00  0000.00E+00  0000.00E+00  5000.05E-09  
558010.E-03  0000.00E+00  0000.00E+00  0000.00E+00  0000.00E+00  
564010.E-03  0000.00E+00  0000.00E+00  0000.00E+00  0000.00E+00  
570010.E-03  0000.00E+00  0000.00E+00  0000.00E+00  0000.00E+00  
576010.E-03  0000.00E+00  0000.00E+00  0000.00E+00  0000.00E+00  
582010.E-03  0000.00E+00  0000.00E+00  0000.00E+00  0000.00E+00  
588010.E-03  0000.00E+00  0000.00E+00  0000.00E+00  0000.00E+00  
594010.E-03  0000.00E+00  0000.00E+00  0000.00E+00  0000.00E+00  
600010.E-03  0000.00E+00  0000.00E+00  0000.00E+00  0000.00E+00  

 To convert to Energy Lost - multiply by Average Binding Energy =  2.666667  eV/Vacancy
