DEPTH         Ga         Si          O          C    
851000.E-05  0.0000E+00  2.7546E+07  3.0201E+07  1.4635E+05
170100.E-04  0.0000E+00  3.4019E+07  3.2332E+07  1.2894E+05
255100.E-04  0.0000E+00  4.0783E+07  3.9702E+07  2.3729E+05
340100.E-04  0.0000E+00  4.5898E+07  4.4694E+07  5.5448E+05
425100.E-04  0.0000E+00  4.8583E+07  4.6657E+07  2.2167E+06
510100.E-04  0.0000E+00  4.1040E+07  3.8125E+07  2.3137E+07
595100.E-04  0.0000E+00  8.3503E+06  1.2840E+07  1.2949E+08
680100.E-04  5.8824E+02  6.4132E+05  1.3457E+06  1.4513E+08
765100.E-04  2.3530E+02  2.6647E+05  5.8307E+05  1.4962E+08
850100.E-04  1.2941E+03  1.5894E+05  3.2941E+05  1.5542E+08
935100.E-04  1.2941E+03  1.1624E+05  2.2941E+05  1.6091E+08
102010.E-03  2.7059E+03  8.3177E+04  1.7035E+05  1.6629E+08
110510.E-03  3.7647E+03  6.4118E+04  1.3000E+05  1.7162E+08
119010.E-03  5.6471E+03  5.2000E+04  1.0847E+05  1.7705E+08
127510.E-03  8.8236E+03  4.0589E+04  8.9412E+04  1.8190E+08
136010.E-03  9.2942E+03  3.4706E+04  7.5412E+04  1.8714E+08
144510.E-03  1.3294E+04  3.3530E+04  5.8000E+04  1.9152E+08
153010.E-03  1.2706E+04  2.8000E+04  5.3294E+04  1.9706E+08
161510.E-03  1.8588E+04  2.5177E+04  5.0706E+04  2.0213E+08
170010.E-03  2.5177E+04  2.2941E+04  4.6941E+04  2.0705E+08
178510.E-03  3.0589E+04  2.1647E+04  3.8824E+04  2.1191E+08
187010.E-03  3.9177E+04  1.5647E+04  3.6706E+04  2.1626E+08
195510.E-03  4.7883E+04  1.5412E+04  3.2118E+04  2.2143E+08
204010.E-03  5.7177E+04  1.4353E+04  3.3294E+04  2.2569E+08
212510.E-03  7.2824E+04  1.2353E+04  2.8824E+04  2.2921E+08
221010.E-03  8.6824E+04  1.2588E+04  2.5883E+04  2.3393E+08
229510.E-03  1.0247E+05  1.1530E+04  2.4824E+04  2.3725E+08
238010.E-03  1.2518E+05  1.2353E+04  2.4353E+04  2.3927E+08
246510.E-03  1.3012E+05  1.1765E+04  2.0824E+04  2.4127E+08
255010.E-03  1.6165E+05  1.0235E+04  2.1647E+04  2.4209E+08
263510.E-03  1.8929E+05  6.5883E+03  1.8235E+04  2.4384E+08
272010.E-03  2.0906E+05  8.9413E+03  1.6706E+04  2.4408E+08
280510.E-03  2.3706E+05  7.1765E+03  1.6235E+04  2.4397E+08
289010.E-03  2.6035E+05  6.9413E+03  1.4353E+04  2.4236E+08
297510.E-03  2.8282E+05  6.8236E+03  1.6000E+04  2.4003E+08
306010.E-03  3.1459E+05  6.8236E+03  1.2941E+04  2.3629E+08
314510.E-03  3.3400E+05  7.2942E+03  1.4118E+04  2.3232E+08
323010.E-03  3.5753E+05  5.8824E+03  1.3294E+04  2.2723E+08
331510.E-03  3.7341E+05  5.6471E+03  1.1177E+04  2.2194E+08
340010.E-03  3.8670E+05  5.2942E+03  9.7648E+03  2.1455E+08
348510.E-03  3.9541E+05  5.4118E+03  1.0000E+04  2.0761E+08
357010.E-03  4.0129E+05  5.0589E+03  1.0588E+04  1.9992E+08
365510.E-03  4.1800E+05  5.1765E+03  1.0118E+04  1.9143E+08
374010.E-03  4.3012E+05  3.5294E+03  1.0353E+04  1.8205E+08
382510.E-03  4.3141E+05  3.5294E+03  8.1177E+03  1.7268E+08
391010.E-03  4.1588E+05  4.1177E+03  1.0706E+04  1.6283E+08
399510.E-03  4.0388E+05  3.4118E+03  7.6471E+03  1.5268E+08
408010.E-03  4.0906E+05  3.4118E+03  9.1766E+03  1.4248E+08
416510.E-03  3.9988E+05  3.2942E+03  7.6471E+03  1.3254E+08
425010.E-03  3.8941E+05  2.4706E+03  6.9413E+03  1.2292E+08
433510.E-03  3.7153E+05  2.7059E+03  7.6471E+03  1.1362E+08
442010.E-03  3.5870E+05  3.4118E+03  7.6471E+03  1.0441E+08
450510.E-03  3.2600E+05  2.9412E+03  8.0001E+03  9.6034E+07
459010.E-03  3.1094E+05  2.3530E+03  6.8236E+03  8.7503E+07
467510.E-03  2.9047E+05  1.8824E+03  5.1765E+03  7.9171E+07
476010.E-03  2.5529E+05  9.4119E+02  7.0589E+03  7.1329E+07
484510.E-03  2.4294E+05  3.0589E+03  4.3530E+03  6.3984E+07
493010.E-03  2.1812E+05  1.1765E+03  5.5295E+03  5.7604E+07
501510.E-03  1.9447E+05  1.8824E+03  5.6471E+03  5.1530E+07
510010.E-03  1.7788E+05  2.1177E+03  6.3530E+03  4.5762E+07
518510.E-03  1.5271E+05  9.4119E+02  4.7059E+03  4.0667E+07
527010.E-03  1.3271E+05  1.5294E+03  4.1177E+03  3.6261E+07
535510.E-03  1.2365E+05  1.5294E+03  3.5294E+03  3.1948E+07
544010.E-03  1.0741E+05  1.1765E+03  4.9412E+03  2.8002E+07
552510.E-03  8.8235E+04  1.0588E+03  5.1765E+03  2.4745E+07
561010.E-03  7.6471E+04  9.4119E+02  3.5294E+03  2.1594E+07
569510.E-03  6.4706E+04  5.8824E+02  3.4118E+03  1.8780E+07
578010.E-03  5.2941E+04  1.2941E+03  3.1765E+03  1.6521E+07
586510.E-03  4.4589E+04  3.5294E+02  2.8236E+03  1.4576E+07
595010.E-03  3.2000E+04  1.1765E+03  2.1177E+03  1.2856E+07
603510.E-03  3.0706E+04  9.4119E+02  3.5294E+03  1.1168E+07
612010.E-03  2.4589E+04  3.5294E+02  2.5883E+03  9.7530E+06
620510.E-03  2.0353E+04  4.7059E+02  3.4118E+03  8.5832E+06
629010.E-03  1.6353E+04  4.7059E+02  2.5883E+03  7.4973E+06
637510.E-03  1.2471E+04  8.2354E+02  1.7647E+03  6.5296E+06
646010.E-03  1.0353E+04  4.7059E+02  1.8824E+03  5.8110E+06
654510.E-03  7.1765E+03  2.3530E+02  1.7647E+03  4.9885E+06
663010.E-03  7.1765E+03  4.7059E+02  1.5294E+03  4.3617E+06
671510.E-03  5.8824E+03  1.1765E+02  2.3530E+03  3.8636E+06
680010.E-03  2.9412E+03  5.8824E+02  2.1177E+03  3.4189E+06
688510.E-03  1.8824E+03  2.3530E+02  1.1765E+03  3.0146E+06
697010.E-03  2.4706E+03  0.0000E+00  1.6471E+03  2.6721E+06
705510.E-03  9.4119E+02  3.5294E+02  1.4118E+03  2.3586E+06
714010.E-03  1.0588E+03  0.0000E+00  8.2354E+02  2.0354E+06
722510.E-03  3.5294E+02  1.1765E+02  2.1177E+03  1.8264E+06
731010.E-03  5.8824E+02  1.1765E+02  1.6471E+03  1.6423E+06
739510.E-03  2.3530E+02  1.1765E+02  9.4119E+02  1.4548E+06
748010.E-03  2.3530E+02  1.1765E+02  8.2354E+02  1.2877E+06
756510.E-03  0.0000E+00  1.1765E+02  8.2354E+02  1.1154E+06
765010.E-03  2.3530E+02  0.0000E+00  1.5294E+03  9.6894E+05
773510.E-03  3.5294E+02  0.0000E+00  9.4119E+02  8.5185E+05
782010.E-03  0.0000E+00  1.1765E+02  1.1765E+03  7.4335E+05
790510.E-03  0.0000E+00  0.0000E+00  7.0589E+02  6.1438E+05
799010.E-03  0.0000E+00  0.0000E+00  9.4119E+02  5.2577E+05
807510.E-03  0.0000E+00  0.0000E+00  5.8824E+02  4.5129E+05
816010.E-03  0.0000E+00  1.1765E+02  3.5294E+02  4.0941E+05
824510.E-03  0.0000E+00  1.1765E+02  2.3530E+02  3.5353E+05
833010.E-03  0.0000E+00  0.0000E+00  5.8824E+02  3.0506E+05
841510.E-03  0.0000E+00  0.0000E+00  8.2354E+02  2.4200E+05
850010.E-03  0.0000E+00  1.1765E+02  1.1765E+02  1.9082E+05
