DEPTH         Ga         Si          O          C    
201000.E-05  0.0000E+00  3.6209E+07  3.2592E+07  1.0800E+05
401000.E-05  0.0000E+00  3.0903E+07  4.4590E+07  1.7450E+05
601000.E-05  0.0000E+00  2.9540E+07  3.5161E+07  1.3500E+05
801000.E-05  0.0000E+00  3.1016E+07  2.8564E+07  1.0700E+05
100100.E-04  0.0000E+00  3.4337E+07  3.1380E+07  1.0250E+05
120100.E-04  0.0000E+00  3.6311E+07  3.4185E+07  9.3501E+04
140100.E-04  0.0000E+00  3.7649E+07  3.6110E+07  1.3000E+05
160100.E-04  0.0000E+00  3.8857E+07  3.7885E+07  1.5850E+05
180100.E-04  0.0000E+00  4.0840E+07  3.9634E+07  1.4150E+05
200100.E-04  0.0000E+00  4.2386E+07  4.1013E+07  1.9600E+05
220100.E-04  0.0000E+00  4.3902E+07  4.2790E+07  2.1900E+05
240100.E-04  0.0000E+00  4.5279E+07  4.3993E+07  2.6600E+05
260100.E-04  0.0000E+00  4.6342E+07  4.5338E+07  3.4550E+05
280100.E-04  0.0000E+00  4.7856E+07  4.6794E+07  4.0551E+05
300100.E-04  0.0000E+00  4.9217E+07  4.7917E+07  4.6751E+05
320100.E-04  5.0001E+02  5.0051E+07  4.9002E+07  6.2351E+05
340100.E-04  0.0000E+00  5.0858E+07  4.9910E+07  7.8501E+05
360100.E-04  0.0000E+00  5.2174E+07  5.0298E+07  1.1090E+06
380100.E-04  0.0000E+00  5.2704E+07  5.0888E+07  1.5140E+06
400100.E-04  0.0000E+00  5.2884E+07  5.1018E+07  2.2965E+06
420100.E-04  0.0000E+00  5.3043E+07  5.0840E+07  3.5765E+06
440100.E-04  0.0000E+00  5.2516E+07  4.9404E+07  5.9816E+06
460100.E-04  0.0000E+00  5.0230E+07  4.6557E+07  1.0098E+07
480100.E-04  5.0001E+02  4.5956E+07  4.0732E+07  1.7376E+07
500100.E-04  0.0000E+00  3.5738E+07  3.1119E+07  2.8646E+07
520100.E-04  0.0000E+00  3.4251E+07  4.1651E+07  9.8050E+07
540100.E-04  0.0000E+00  1.4390E+07  2.2755E+07  1.2823E+08
560100.E-04  0.0000E+00  5.5451E+06  1.0199E+07  1.4576E+08
580100.E-04  1.0000E+03  2.6140E+06  5.1216E+06  1.5206E+08
600100.E-04  5.0001E+02  1.4880E+06  3.0305E+06  1.5529E+08
620100.E-04  5.0001E+02  1.0315E+06  2.1205E+06  1.5708E+08
640100.E-04  0.0000E+00  7.3951E+05  1.5430E+06  1.5770E+08
660100.E-04  0.0000E+00  5.8401E+05  1.2315E+06  1.5987E+08
680100.E-04  1.0000E+03  4.8351E+05  9.7851E+05  1.6102E+08
700100.E-04  1.5000E+03  4.0051E+05  8.1651E+05  1.6159E+08
720100.E-04  1.0000E+03  3.4300E+05  7.1351E+05  1.6344E+08
740100.E-04  1.5000E+03  2.7350E+05  5.8301E+05  1.6485E+08
760100.E-04  1.0000E+03  2.6150E+05  5.3601E+05  1.6571E+08
780100.E-04  2.5000E+03  2.1350E+05  4.8601E+05  1.6711E+08
800100.E-04  1.5000E+03  1.9550E+05  4.3301E+05  1.6885E+08
820100.E-04  3.0000E+03  1.9750E+05  3.7451E+05  1.7011E+08
840100.E-04  2.5000E+03  1.7250E+05  3.4800E+05  1.7143E+08
860100.E-04  3.5000E+03  1.3750E+05  3.1750E+05  1.7388E+08
880100.E-04  6.0001E+03  1.3050E+05  2.8450E+05  1.7454E+08
900100.E-04  7.0001E+03  1.5200E+05  2.7700E+05  1.7586E+08
920100.E-04  5.5001E+03  1.2350E+05  2.6000E+05  1.7761E+08
940100.E-04  6.5001E+03  1.1350E+05  2.2150E+05  1.7824E+08
960100.E-04  8.0001E+03  1.0300E+05  2.2350E+05  1.7984E+08
980100.E-04  6.0001E+03  1.0400E+05  1.9000E+05  1.8215E+08
100010.E-03  8.5001E+03  8.3001E+04  1.9300E+05  1.8364E+08
102010.E-03  9.0001E+03  9.5501E+04  1.9500E+05  1.8463E+08
104010.E-03  7.5001E+03  7.4001E+04  1.7150E+05  1.8668E+08
106010.E-03  9.0001E+03  8.5001E+04  1.6250E+05  1.8785E+08
108010.E-03  8.5001E+03  8.4501E+04  1.5300E+05  1.8935E+08
110010.E-03  1.1000E+04  6.9501E+04  1.5600E+05  1.9046E+08
112010.E-03  2.1000E+04  7.3501E+04  1.3400E+05  1.9214E+08
114010.E-03  1.6000E+04  6.3001E+04  1.3400E+05  1.9370E+08
116010.E-03  2.0000E+04  6.2501E+04  1.2650E+05  1.9487E+08
118010.E-03  2.0000E+04  6.7001E+04  1.0950E+05  1.9660E+08
120010.E-03  1.8000E+04  4.9001E+04  1.2550E+05  1.9752E+08
122010.E-03  1.7500E+04  5.9501E+04  1.1700E+05  1.9977E+08
124010.E-03  1.7500E+04  5.1001E+04  1.1150E+05  2.0107E+08
126010.E-03  2.0000E+04  4.9001E+04  1.0500E+05  2.0205E+08
128010.E-03  2.6500E+04  5.3001E+04  1.0500E+05  2.0349E+08
130010.E-03  2.9500E+04  5.4501E+04  8.7001E+04  2.0450E+08
132010.E-03  2.5500E+04  4.1001E+04  8.7501E+04  2.0587E+08
134010.E-03  3.2000E+04  4.4501E+04  8.8501E+04  2.0751E+08
136010.E-03  3.4500E+04  4.0001E+04  8.8501E+04  2.0871E+08
138010.E-03  2.6500E+04  3.8001E+04  7.8001E+04  2.0973E+08
140010.E-03  2.6500E+04  3.0000E+04  7.7501E+04  2.1112E+08
142010.E-03  3.3000E+04  4.2501E+04  7.5001E+04  2.1280E+08
144010.E-03  4.1501E+04  3.8501E+04  7.8001E+04  2.1421E+08
146010.E-03  4.6001E+04  4.0001E+04  7.4001E+04  2.1523E+08
148010.E-03  4.3001E+04  3.9001E+04  7.3001E+04  2.1681E+08
150010.E-03  5.0501E+04  3.0500E+04  5.2501E+04  2.1746E+08
152010.E-03  4.3501E+04  3.7001E+04  7.2501E+04  2.1844E+08
154010.E-03  4.9001E+04  3.0500E+04  5.8501E+04  2.2040E+08
156010.E-03  6.1501E+04  2.3500E+04  6.1501E+04  2.2069E+08
158010.E-03  5.6001E+04  2.3500E+04  6.2501E+04  2.2210E+08
160010.E-03  5.6501E+04  2.9000E+04  6.4501E+04  2.2275E+08
162010.E-03  6.9501E+04  2.5500E+04  5.4501E+04  2.2412E+08
164010.E-03  8.0001E+04  2.8000E+04  5.9501E+04  2.2460E+08
166010.E-03  7.9501E+04  3.2500E+04  4.6501E+04  2.2611E+08
168010.E-03  7.4001E+04  3.1000E+04  5.6501E+04  2.2628E+08
170010.E-03  7.4501E+04  2.5500E+04  5.6001E+04  2.2733E+08
172010.E-03  9.1001E+04  2.2000E+04  4.8001E+04  2.2802E+08
174010.E-03  8.4001E+04  2.1000E+04  5.4001E+04  2.2972E+08
176010.E-03  8.9501E+04  1.6000E+04  4.8501E+04  2.2991E+08
178010.E-03  1.0700E+05  2.5500E+04  4.9501E+04  2.2991E+08
180010.E-03  1.2250E+05  2.1500E+04  4.2001E+04  2.3013E+08
182010.E-03  1.2500E+05  2.4000E+04  4.5001E+04  2.3020E+08
184010.E-03  1.2450E+05  1.8000E+04  4.1001E+04  2.3017E+08
186010.E-03  1.2700E+05  2.1000E+04  4.4501E+04  2.3042E+08
188010.E-03  1.3300E+05  1.8000E+04  3.4500E+04  2.2934E+08
190010.E-03  1.4550E+05  1.9500E+04  4.0001E+04  2.2781E+08
192010.E-03  1.4400E+05  2.1500E+04  3.9501E+04  2.2376E+08
194010.E-03  1.4450E+05  2.0500E+04  3.5500E+04  2.1781E+08
196010.E-03  1.7600E+05  1.9000E+04  3.5000E+04  2.0798E+08
198010.E-03  1.6700E+05  2.1000E+04  2.7500E+04  1.8917E+08
200010.E-03  1.6050E+05  1.7500E+04  3.0000E+04  1.4297E+08
