
   DEPTH         Ga         Si          O          C    
   (Ang.)       Ions     Tgt. Atoms  Tgt. Atoms  Tgt. Atoms
-----------  ----------  ----------  ----------  ----------
321000.E-05  0.0000E+00  2.8352E+07  2.5388E+07  1.2887E+06
641000.E-05  0.0000E+00  2.7321E+07  3.5182E+07  1.1598E+06
961000.E-05  0.0000E+00  3.5182E+07  3.0671E+07  1.4176E+06
128100.E-04  0.0000E+00  3.8790E+07  3.6084E+07  3.2218E+06
160100.E-04  0.0000E+00  3.9048E+07  3.5955E+07  7.2168E+06
192100.E-04  0.0000E+00  4.0981E+07  2.6548E+07  1.7140E+07
224100.E-04  0.0000E+00  2.7965E+07  3.3636E+07  6.9848E+07
256100.E-04  0.0000E+00  9.2788E+06  1.0696E+07  1.1934E+08
288100.E-04  0.0000E+00  1.6753E+06  3.3507E+06  1.3441E+08
320100.E-04  0.0000E+00  9.0210E+05  1.4176E+06  1.5194E+08
352100.E-04  0.0000E+00  7.7323E+05  9.0210E+05  1.7204E+08
384100.E-04  0.0000E+00  5.1549E+05  1.0310E+06  1.8210E+08
416100.E-04  0.0000E+00  2.5774E+05  9.0210E+05  1.6328E+08
448100.E-04  0.0000E+00  5.1549E+05  3.8662E+05  1.5864E+08
480100.E-04  0.0000E+00  2.5774E+05  1.2887E+05  1.7179E+08
512100.E-04  0.0000E+00  1.2887E+05  5.1549E+05  1.7849E+08
544100.E-04  2.5774E+05  1.2887E+05  1.2887E+05  1.9640E+08
576100.E-04  0.0000E+00  3.8662E+05  5.1549E+05  1.8841E+08
608100.E-04  0.0000E+00  0.0000E+00  1.2887E+05  1.9872E+08
640100.E-04  0.0000E+00  0.0000E+00  1.2887E+05  2.0942E+08
672100.E-04  0.0000E+00  0.0000E+00  2.5774E+05  2.2372E+08
704100.E-04  0.0000E+00  0.0000E+00  0.0000E+00  2.2759E+08
736100.E-04  0.0000E+00  0.0000E+00  0.0000E+00  2.3545E+08
768100.E-04  0.0000E+00  1.2887E+05  1.2887E+05  2.4189E+08
800100.E-04  0.0000E+00  1.2887E+05  0.0000E+00  2.3081E+08
832100.E-04  0.0000E+00  1.2887E+05  3.8662E+05  2.3596E+08
864100.E-04  0.0000E+00  0.0000E+00  1.2887E+05  2.2965E+08
896100.E-04  0.0000E+00  2.5774E+05  0.0000E+00  2.3287E+08
928100.E-04  2.5774E+05  0.0000E+00  2.5774E+05  2.3364E+08
960100.E-04  2.5774E+05  0.0000E+00  0.0000E+00  2.3815E+08
992100.E-04  2.5774E+05  0.0000E+00  0.0000E+00  2.4962E+08
102410.E-03  2.5774E+05  0.0000E+00  3.8662E+05  2.4151E+08
105610.E-03  0.0000E+00  0.0000E+00  0.0000E+00  2.3661E+08
108810.E-03  3.8662E+05  0.0000E+00  0.0000E+00  2.4911E+08
112010.E-03  5.1549E+05  0.0000E+00  0.0000E+00  2.5620E+08
115210.E-03  7.7323E+05  0.0000E+00  0.0000E+00  2.5323E+08
118410.E-03  5.1549E+05  0.0000E+00  0.0000E+00  2.4937E+08
121610.E-03  7.7323E+05  0.0000E+00  0.0000E+00  2.3751E+08
124810.E-03  3.8662E+05  1.2887E+05  0.0000E+00  2.3442E+08
128010.E-03  1.4176E+06  0.0000E+00  0.0000E+00  2.1754E+08
131210.E-03  1.2887E+06  1.2887E+05  0.0000E+00  2.2153E+08
134410.E-03  6.4436E+05  0.0000E+00  0.0000E+00  2.0864E+08
137610.E-03  3.8662E+05  0.0000E+00  0.0000E+00  1.9782E+08
140810.E-03  1.1598E+06  0.0000E+00  0.0000E+00  1.9962E+08
144010.E-03  3.8662E+05  0.0000E+00  0.0000E+00  1.9086E+08
147210.E-03  1.2887E+06  0.0000E+00  0.0000E+00  1.8068E+08
150410.E-03  1.1598E+06  0.0000E+00  1.2887E+05  1.8081E+08
153610.E-03  9.0210E+05  1.2887E+05  0.0000E+00  1.6457E+08
156810.E-03  9.0210E+05  0.0000E+00  1.2887E+05  1.5993E+08
160010.E-03  1.1598E+06  0.0000E+00  0.0000E+00  1.4691E+08
163210.E-03  1.2887E+06  0.0000E+00  0.0000E+00  1.4124E+08
166410.E-03  1.6753E+06  0.0000E+00  0.0000E+00  1.3351E+08
169610.E-03  5.1549E+05  0.0000E+00  0.0000E+00  1.2771E+08
172810.E-03  5.1549E+05  0.0000E+00  0.0000E+00  1.2604E+08
176010.E-03  1.1598E+06  0.0000E+00  0.0000E+00  1.1083E+08
179210.E-03  7.7323E+05  0.0000E+00  0.0000E+00  1.0580E+08
182410.E-03  9.0210E+05  0.0000E+00  0.0000E+00  9.7685E+07
185610.E-03  9.0210E+05  0.0000E+00  0.0000E+00  8.2993E+07
188810.E-03  7.7323E+05  0.0000E+00  0.0000E+00  8.0416E+07
192010.E-03  7.7323E+05  0.0000E+00  0.0000E+00  6.7400E+07
195210.E-03  7.7323E+05  0.0000E+00  0.0000E+00  6.2503E+07
198410.E-03  7.7323E+05  0.0000E+00  0.0000E+00  6.0054E+07
201610.E-03  2.5774E+05  0.0000E+00  0.0000E+00  5.2322E+07
204810.E-03  5.1549E+05  0.0000E+00  0.0000E+00  5.5286E+07
208010.E-03  3.8662E+05  0.0000E+00  0.0000E+00  5.0518E+07
211210.E-03  1.2887E+05  0.0000E+00  0.0000E+00  4.3688E+07
214410.E-03  3.8662E+05  0.0000E+00  0.0000E+00  4.5492E+07
217610.E-03  3.8662E+05  0.0000E+00  0.0000E+00  4.0466E+07
220810.E-03  2.5774E+05  0.0000E+00  0.0000E+00  2.9512E+07
224010.E-03  3.8662E+05  0.0000E+00  0.0000E+00  2.4357E+07
227210.E-03  5.1549E+05  0.0000E+00  0.0000E+00  2.6548E+07
230410.E-03  2.5774E+05  0.0000E+00  0.0000E+00  2.7321E+07
233610.E-03  0.0000E+00  0.0000E+00  0.0000E+00  2.1650E+07
236810.E-03  2.5774E+05  0.0000E+00  1.2887E+05  1.9331E+07
240010.E-03  2.5774E+05  0.0000E+00  0.0000E+00  1.4434E+07
243210.E-03  1.2887E+05  0.0000E+00  0.0000E+00  1.6496E+07
246410.E-03  1.2887E+05  0.0000E+00  0.0000E+00  1.4305E+07
249610.E-03  0.0000E+00  0.0000E+00  0.0000E+00  1.3532E+07
252810.E-03  2.5774E+05  0.0000E+00  0.0000E+00  1.4691E+07
256010.E-03  0.0000E+00  0.0000E+00  0.0000E+00  1.3403E+07
259210.E-03  1.2887E+05  0.0000E+00  1.2887E+05  1.1985E+07
262410.E-03  1.2887E+05  0.0000E+00  0.0000E+00  6.3147E+06
265610.E-03  0.0000E+00  0.0000E+00  0.0000E+00  5.5415E+06
268810.E-03  1.2887E+05  0.0000E+00  0.0000E+00  5.0260E+06
272010.E-03  0.0000E+00  0.0000E+00  0.0000E+00  4.8971E+06
275210.E-03  0.0000E+00  0.0000E+00  0.0000E+00  7.2168E+06
278410.E-03  0.0000E+00  0.0000E+00  0.0000E+00  6.4436E+06
281610.E-03  0.0000E+00  0.0000E+00  0.0000E+00  4.6394E+06
284810.E-03  0.0000E+00  0.0000E+00  0.0000E+00  5.9281E+06
288010.E-03  0.0000E+00  0.0000E+00  0.0000E+00  5.4126E+06
291210.E-03  0.0000E+00  0.0000E+00  0.0000E+00  5.6704E+06
294410.E-03  1.2887E+05  0.0000E+00  0.0000E+00  3.0929E+06
297610.E-03  0.0000E+00  0.0000E+00  0.0000E+00  1.2887E+06
300810.E-03  0.0000E+00  0.0000E+00  0.0000E+00  1.2887E+06
304010.E-03  0.0000E+00  0.0000E+00  0.0000E+00  1.9331E+06
307210.E-03  0.0000E+00  0.0000E+00  0.0000E+00  1.1598E+06
310410.E-03  0.0000E+00  0.0000E+00  0.0000E+00  1.2887E+06
313610.E-03  0.0000E+00  0.0000E+00  0.0000E+00  1.0310E+06
316810.E-03  0.0000E+00  0.0000E+00  0.0000E+00  1.1598E+06
320010.E-03  0.0000E+00  0.0000E+00  0.0000E+00  1.2887E+06
