
   TARGET    
   DEPTH         Ga           Si            O            C       
   (Ang.)     Knock-Ons    Vacancies    Vacancies    Vacancies   
-----------  -----------  -----------  -----------  -----------  
321000.E-05  8941.82E-05  3082.30E-04  2987.62E-04  0000.00E+00  
641000.E-05  1009.90E-04  3187.50E-04  3029.70E-04  0000.00E+00  
961000.E-05  1525.37E-04  3471.53E-04  3808.16E-04  0000.00E+00  
128100.E-04  1283.41E-04  3818.68E-04  4008.04E-04  0000.00E+00  
160100.E-04  1441.21E-04  5196.78E-04  4870.66E-04  0000.00E+00  
192100.E-04  1493.81E-04  5512.37E-04  5007.42E-04  0000.00E+00  
224100.E-04  2556.31E-04  1209.78E-04  1409.65E-04  1064.60E-03  
256100.E-04  2724.63E-04  0000.00E+00  0000.00E+00  1474.87E-03  
288100.E-04  2587.87E-04  0000.00E+00  0000.00E+00  1500.12E-03  
320100.E-04  2924.50E-04  0000.00E+00  0000.00E+00  1525.37E-03  
352100.E-04  2766.70E-04  0000.00E+00  0000.00E+00  1631.62E-03  
384100.E-04  2829.82E-04  0000.00E+00  0000.00E+00  1826.24E-03  
416100.E-04  2703.59E-04  0000.00E+00  0000.00E+00  1628.46E-03  
448100.E-04  2682.55E-04  0000.00E+00  0000.00E+00  1600.06E-03  
480100.E-04  2913.98E-04  0000.00E+00  0000.00E+00  1661.07E-03  
512100.E-04  2829.82E-04  0000.00E+00  0000.00E+00  1853.59E-03  
544100.E-04  2924.50E-04  0000.00E+00  0000.00E+00  1873.57E-03  
576100.E-04  3113.86E-04  0000.00E+00  0000.00E+00  1891.46E-03  
608100.E-04  2998.14E-04  0000.00E+00  0000.00E+00  1941.95E-03  
640100.E-04  3271.65E-04  0000.00E+00  0000.00E+00  2187.06E-03  
672100.E-04  3219.06E-04  0000.00E+00  0000.00E+00  2062.93E-03  
704100.E-04  2945.54E-04  0000.00E+00  0000.00E+00  2098.70E-03  
736100.E-04  3324.25E-04  0000.00E+00  0000.00E+00  2153.40E-03  
768100.E-04  3429.45E-04  0000.00E+00  0000.00E+00  2211.26E-03  
800100.E-04  3450.49E-04  0000.00E+00  0000.00E+00  2196.53E-03  
832100.E-04  3387.37E-04  0000.00E+00  0000.00E+00  2195.48E-03  
864100.E-04  3618.81E-04  0000.00E+00  0000.00E+00  2227.04E-03  
896100.E-04  3618.81E-04  0000.00E+00  0000.00E+00  2255.44E-03  
928100.E-04  3555.69E-04  0000.00E+00  0000.00E+00  2276.48E-03  
960100.E-04  3545.17E-04  0000.00E+00  0000.00E+00  2209.16E-03  
992100.E-04  3587.25E-04  0000.00E+00  0000.00E+00  2252.29E-03  
102410.E-03  4071.16E-04  0000.00E+00  0000.00E+00  2335.39E-03  
105610.E-03  4018.56E-04  0000.00E+00  0000.00E+00  2342.76E-03  
108810.E-03  3818.68E-04  0000.00E+00  0000.00E+00  2355.38E-03  
112010.E-03  4113.24E-04  0000.00E+00  0000.00E+00  2444.80E-03  
115210.E-03  3902.84E-04  0000.00E+00  0000.00E+00  2387.99E-03  
118410.E-03  3829.20E-04  0000.00E+00  0000.00E+00  2206.00E-03  
121610.E-03  3597.77E-04  0000.00E+00  0000.00E+00  2313.30E-03  
124810.E-03  3618.81E-04  0000.00E+00  0000.00E+00  2141.83E-03  
128010.E-03  3408.41E-04  0000.00E+00  0000.00E+00  2113.43E-03  
131210.E-03  3629.33E-04  0000.00E+00  0000.00E+00  2132.36E-03  
134410.E-03  3450.49E-04  0000.00E+00  0000.00E+00  1981.93E-03  
137610.E-03  3461.01E-04  0000.00E+00  0000.00E+00  1936.69E-03  
140810.E-03  3355.81E-04  0000.00E+00  0000.00E+00  1785.21E-03  
144010.E-03  3282.17E-04  0000.00E+00  0000.00E+00  1766.27E-03  
147210.E-03  3071.78E-04  0000.00E+00  0000.00E+00  1697.89E-03  
150410.E-03  2745.66E-04  0000.00E+00  0000.00E+00  1671.59E-03  
153610.E-03  2345.91E-04  0000.00E+00  0000.00E+00  1531.68E-03  
156810.E-03  2261.75E-04  0000.00E+00  0000.00E+00  1455.94E-03  
160010.E-03  2009.28E-04  0000.00E+00  0000.00E+00  1316.03E-03  
163210.E-03  1967.20E-04  0000.00E+00  0000.00E+00  1185.58E-03  
166410.E-03  1883.04E-04  0000.00E+00  0000.00E+00  1190.84E-03  
169610.E-03  1630.57E-04  0000.00E+00  0000.00E+00  1207.67E-03  
172810.E-03  1588.49E-04  0000.00E+00  0000.00E+00  1060.39E-03  
176010.E-03  1399.13E-04  0000.00E+00  0000.00E+00  1021.47E-03  
179210.E-03  1314.97E-04  0000.00E+00  0000.00E+00  8784.02E-04  
182410.E-03  1167.70E-04  0000.00E+00  0000.00E+00  7732.04E-04  
185610.E-03  1083.54E-04  0000.00E+00  0000.00E+00  7321.77E-04  
188810.E-03  8626.23E-05  0000.00E+00  0000.00E+00  6311.87E-04  
192010.E-03  8731.42E-05  0000.00E+00  0000.00E+00  5701.73E-04  
195210.E-03  7258.65E-05  0000.00E+00  0000.00E+00  5470.29E-04  
198410.E-03  6627.47E-05  0000.00E+00  0000.00E+00  4807.54E-04  
201610.E-03  6417.07E-05  0000.00E+00  0000.00E+00  4618.19E-04  
204810.E-03  5680.69E-05  0000.00E+00  0000.00E+00  4712.87E-04  
208010.E-03  5680.69E-05  0000.00E+00  0000.00E+00  4207.92E-04  
211210.E-03  5365.09E-05  0000.00E+00  0000.00E+00  4071.16E-04  
214410.E-03  3471.53E-05  0000.00E+00  0000.00E+00  3429.45E-04  
217610.E-03  2945.54E-05  0000.00E+00  0000.00E+00  2924.50E-04  
220810.E-03  2314.35E-05  0000.00E+00  0000.00E+00  2251.23E-04  
224010.E-03  2209.16E-05  0000.00E+00  0000.00E+00  2219.68E-04  
227210.E-03  1893.56E-05  0000.00E+00  0000.00E+00  2103.96E-04  
230410.E-03  1683.17E-05  0000.00E+00  0000.00E+00  1956.68E-04  
233610.E-03  1367.57E-05  0000.00E+00  0000.00E+00  1588.49E-04  
236810.E-03  1051.98E-05  0000.00E+00  0000.00E+00  1420.17E-04  
240010.E-03  1157.18E-05  0000.00E+00  0000.00E+00  1462.25E-04  
243210.E-03  1051.98E-05  0000.00E+00  0000.00E+00  1199.26E-04  
246410.E-03  1262.37E-05  0000.00E+00  0000.00E+00  1157.18E-04  
249610.E-03  5259.89E-06  0000.00E+00  0000.00E+00  1230.82E-04  
252810.E-03  5259.89E-06  0000.00E+00  0000.00E+00  1325.49E-04  
256010.E-03  2103.96E-06  0000.00E+00  0000.00E+00  7679.45E-05  
259210.E-03  1051.98E-06  0000.00E+00  0000.00E+00  6417.07E-05  
262410.E-03  2103.96E-06  0000.00E+00  0000.00E+00  5680.69E-05  
265610.E-03  2103.96E-06  0000.00E+00  0000.00E+00  3471.53E-05  
268810.E-03  2103.96E-06  0000.00E+00  0000.00E+00  4628.71E-05  
272010.E-03  1051.98E-06  0000.00E+00  0000.00E+00  2629.95E-05  
275210.E-03  2103.96E-06  0000.00E+00  0000.00E+00  6943.06E-05  
278410.E-03  2103.96E-06  0000.00E+00  0000.00E+00  6101.48E-05  
281610.E-03  2103.96E-06  0000.00E+00  0000.00E+00  5154.70E-05  
284810.E-03  1051.98E-06  0000.00E+00  0000.00E+00  4207.92E-05  
288010.E-03  1051.98E-06  0000.00E+00  0000.00E+00  3576.73E-05  
291210.E-03  0000.00E+00  0000.00E+00  0000.00E+00  2840.34E-05  
294410.E-03  0000.00E+00  0000.00E+00  0000.00E+00  1998.76E-05  
297610.E-03  0000.00E+00  0000.00E+00  0000.00E+00  1683.17E-05  
300810.E-03  0000.00E+00  0000.00E+00  0000.00E+00  1577.97E-05  
304010.E-03  0000.00E+00  0000.00E+00  0000.00E+00  1051.98E-05  
307210.E-03  0000.00E+00  0000.00E+00  0000.00E+00  1051.98E-05  
310410.E-03  0000.00E+00  0000.00E+00  0000.00E+00  1262.37E-05  
313610.E-03  0000.00E+00  0000.00E+00  0000.00E+00  7363.85E-06  
316810.E-03  0000.00E+00  0000.00E+00  0000.00E+00  1472.77E-05  
320010.E-03  0000.00E+00  0000.00E+00  0000.00E+00  1683.17E-05  

 To convert to Energy Lost - multiply by Average Binding Energy =  2.666667  eV/Vacancy
