   DEPTH         Ga         Sn          C    
401000.E-05  5.0751E+04  1.0083E+08  5.0001E+02
801000.E-05  9.7251E+04  1.1622E+08  0.0000E+00
120100.E-04  1.2850E+05  1.4224E+08  5.0001E+02
160100.E-04  1.4950E+05  1.6457E+08  2.5000E+02
200100.E-04  1.7650E+05  1.8511E+08  5.0001E+02
240100.E-04  1.8650E+05  2.0317E+08  5.0001E+02
280100.E-04  1.9875E+05  2.1904E+08  2.5000E+02
320100.E-04  2.1050E+05  2.3322E+08  2.5000E+02
360100.E-04  2.3050E+05  2.4649E+08  7.5001E+02
400100.E-04  2.4775E+05  2.5790E+08  1.2500E+03
440100.E-04  2.4975E+05  2.6763E+08  1.0000E+03
480100.E-04  2.5125E+05  2.7649E+08  7.5001E+02
520100.E-04  2.6675E+05  2.8419E+08  1.5000E+03
560100.E-04  2.8075E+05  2.9103E+08  1.2500E+03
600100.E-04  2.8250E+05  2.9585E+08  7.5001E+02
640100.E-04  3.1400E+05  3.0093E+08  2.2500E+03
680100.E-04  3.2550E+05  3.0372E+08  7.5001E+02
720100.E-04  3.2025E+05  3.0650E+08  2.7500E+03
760100.E-04  3.1300E+05  3.0905E+08  1.5000E+03
800100.E-04  3.3750E+05  3.1060E+08  2.2500E+03
840100.E-04  3.2875E+05  3.1091E+08  4.0000E+03
880100.E-04  3.5450E+05  3.1033E+08  3.5000E+03
920100.E-04  3.5125E+05  3.0947E+08  5.0001E+03
960100.E-04  3.6025E+05  3.0815E+08  5.7501E+03
100010.E-03  3.6125E+05  3.0626E+08  5.7501E+03
104010.E-03  3.8000E+05  3.0290E+08  6.5001E+03
108010.E-03  3.8350E+05  2.9914E+08  7.0001E+03
112010.E-03  3.5725E+05  2.9639E+08  8.7501E+03
116010.E-03  3.7800E+05  2.9123E+08  1.1500E+04
120010.E-03  3.6600E+05  2.8661E+08  1.2750E+04
124010.E-03  3.8600E+05  2.8180E+08  1.3000E+04
128010.E-03  3.7975E+05  2.7634E+08  1.5250E+04
132010.E-03  3.8850E+05  2.7101E+08  1.8250E+04
136010.E-03  3.6225E+05  2.6450E+08  2.1250E+04
140010.E-03  3.6825E+05  2.5840E+08  2.9500E+04
144010.E-03  3.7625E+05  2.5214E+08  3.5250E+04
148010.E-03  3.5225E+05  2.4486E+08  4.2000E+04
152010.E-03  3.4400E+05  2.3781E+08  5.9251E+04
156010.E-03  3.3425E+05  2.3032E+08  6.1501E+04
160010.E-03  3.3500E+05  2.2226E+08  8.5501E+04
164010.E-03  3.3700E+05  2.1451E+08  1.0900E+05
168010.E-03  3.3400E+05  2.0666E+08  1.4100E+05
172010.E-03  3.0250E+05  1.9790E+08  2.0725E+05
176010.E-03  2.9225E+05  1.8869E+08  2.7700E+05
180010.E-03  2.6925E+05  1.7879E+08  4.2325E+05
184010.E-03  2.4450E+05  1.6816E+08  6.6026E+05
188010.E-03  2.1750E+05  1.5538E+08  1.1340E+06
192010.E-03  2.0775E+05  1.4091E+08  1.9200E+06
196010.E-03  1.6000E+05  1.2156E+08  3.3943E+06
200010.E-03  1.0975E+05  8.8473E+07  5.7106E+06
204010.E-03  1.1025E+05  3.1394E+07  9.2481E+07
208010.E-03  1.6475E+05  3.3501E+07  1.3634E+08
212010.E-03  2.1525E+05  2.5495E+07  1.3618E+08
216010.E-03  2.5200E+05  1.3941E+07  1.2359E+08
220010.E-03  2.7300E+05  7.1353E+06  1.1183E+08
224010.E-03  3.0350E+05  3.9598E+06  1.0224E+08
228010.E-03  3.0400E+05  2.4323E+06  9.4801E+07
232010.E-03  2.8975E+05  1.5300E+06  8.8764E+07
236010.E-03  3.0700E+05  1.0313E+06  8.3288E+07
240010.E-03  3.4625E+05  7.1551E+05  7.8474E+07
244010.E-03  3.2900E+05  5.0126E+05  7.4075E+07
248010.E-03  3.3450E+05  3.4175E+05  7.0560E+07
252010.E-03  3.3850E+05  2.4150E+05  6.6854E+07
256010.E-03  3.4900E+05  1.6200E+05  6.3194E+07
260010.E-03  3.3150E+05  1.2075E+05  5.9640E+07
264010.E-03  3.3050E+05  8.7001E+04  5.5869E+07
268010.E-03  3.2575E+05  5.9251E+04  5.2466E+07
272010.E-03  3.4425E+05  3.7250E+04  4.9125E+07
276010.E-03  3.1275E+05  2.1250E+04  4.5567E+07
280010.E-03  3.2650E+05  1.4250E+04  4.2055E+07
284010.E-03  3.1575E+05  9.7501E+03  3.8734E+07
288010.E-03  2.9400E+05  6.0001E+03  3.5588E+07
292010.E-03  2.8175E+05  3.5000E+03  3.2420E+07
296010.E-03  2.7425E+05  1.0000E+03  2.9310E+07
300010.E-03  2.5400E+05  7.5001E+02  2.6488E+07
304010.E-03  2.3100E+05  0.0000E+00  2.3907E+07
308010.E-03  2.2275E+05  2.5000E+02  2.1332E+07
312010.E-03  1.9800E+05  0.0000E+00  1.9122E+07
316010.E-03  1.8750E+05  2.5000E+02  1.6874E+07
320010.E-03  1.7050E+05  2.5000E+02  1.4962E+07
324010.E-03  1.4100E+05  0.0000E+00  1.3349E+07
328010.E-03  1.3575E+05  0.0000E+00  1.1679E+07
332010.E-03  1.2975E+05  0.0000E+00  1.0102E+07
336010.E-03  1.0175E+05  0.0000E+00  8.6701E+06
340010.E-03  8.9501E+04  0.0000E+00  7.3063E+06
344010.E-03  7.8501E+04  0.0000E+00  6.4111E+06
348010.E-03  6.2751E+04  0.0000E+00  5.5178E+06
352010.E-03  5.4501E+04  0.0000E+00  4.6815E+06
356010.E-03  4.6500E+04  0.0000E+00  4.0273E+06
360010.E-03  4.2250E+04  0.0000E+00  3.4998E+06
364010.E-03  3.3750E+04  0.0000E+00  2.9228E+06
368010.E-03  3.1750E+04  0.0000E+00  2.5040E+06
372010.E-03  2.1750E+04  0.0000E+00  2.1290E+06
376010.E-03  2.0500E+04  0.0000E+00  1.7890E+06
380010.E-03  1.7250E+04  0.0000E+00  1.5160E+06
384010.E-03  1.2000E+04  0.0000E+00  1.2573E+06
388010.E-03  1.2000E+04  0.0000E+00  1.0620E+06
392010.E-03  7.7501E+03  0.0000E+00  9.2151E+05
396010.E-03  4.2500E+03  0.0000E+00  7.2326E+05
400010.E-03  6.7501E+03  0.0000E+00  5.3801E+05
