DEPTH         Ga         Si          O          C    
301000.E-05  0.0000E+00  2.9457E+07  3.1288E+07  3.3334E+02
601000.E-05  0.0000E+00  2.9111E+07  3.8006E+07  0.0000E+00
901000.E-05  0.0000E+00  3.2730E+07  3.0605E+07  0.0000E+00
120100.E-04  0.0000E+00  3.8317E+07  3.6271E+07  0.0000E+00
150100.E-04  0.0000E+00  4.2597E+07  4.0942E+07  0.0000E+00
180100.E-04  0.0000E+00  4.6294E+07  4.5301E+07  0.0000E+00
210100.E-04  0.0000E+00  4.9654E+07  4.8622E+07  0.0000E+00
240100.E-04  6.6667E+02  5.3041E+07  5.2026E+07  3.3334E+02
270100.E-04  0.0000E+00  5.6290E+07  5.5346E+07  3.3334E+02
300100.E-04  1.0000E+03  5.9232E+07  5.8246E+07  0.0000E+00
330100.E-04  3.3334E+03  6.2387E+07  6.1324E+07  0.0000E+00
360100.E-04  1.0000E+03  6.5368E+07  6.3971E+07  3.3334E+02
390100.E-04  2.3334E+03  6.7720E+07  6.6869E+07  0.0000E+00
420100.E-04  3.3334E+03  7.0842E+07  6.9419E+07  3.3334E+02
450100.E-04  6.0001E+03  7.3145E+07  7.1990E+07  1.3333E+03
480100.E-04  5.0001E+03  7.5277E+07  7.4417E+07  1.0000E+03
510100.E-04  9.3334E+03  7.7852E+07  7.6498E+07  1.3333E+03
540100.E-04  8.0001E+03  7.9773E+07  7.8628E+07  1.3333E+03
570100.E-04  9.3334E+03  8.2760E+07  8.0809E+07  6.6667E+02
600100.E-04  1.5667E+04  8.4227E+07  8.3526E+07  6.6667E+02
630100.E-04  1.4667E+04  8.6348E+07  8.4876E+07  6.6667E+02
660100.E-04  2.6667E+04  8.8269E+07  8.6867E+07  2.0000E+03
690100.E-04  2.7334E+04  9.0041E+07  8.9057E+07  1.0000E+03
720100.E-04  3.2667E+04  9.1798E+07  9.0588E+07  1.3333E+03
750100.E-04  3.6667E+04  9.3626E+07  9.1926E+07  1.0000E+03
780100.E-04  4.8667E+04  9.5294E+07  9.3909E+07  1.6667E+03
810100.E-04  5.4334E+04  9.7237E+07  9.5756E+07  2.3334E+03
840100.E-04  5.8001E+04  9.8979E+07  9.7291E+07  5.6667E+03
870100.E-04  7.1001E+04  1.0015E+08  9.8960E+07  6.6667E+03
900100.E-04  8.6334E+04  1.0173E+08  1.0016E+08  5.6667E+03
930100.E-04  8.8334E+04  1.0358E+08  1.0176E+08  8.3334E+03
960100.E-04  1.0100E+05  1.0482E+08  1.0321E+08  1.2667E+04
990100.E-04  1.0800E+05  1.0633E+08  1.0475E+08  1.4000E+04
102010.E-03  1.1667E+05  1.0767E+08  1.0558E+08  1.7334E+04
105010.E-03  1.2000E+05  1.0867E+08  1.0696E+08  2.0667E+04
108010.E-03  1.4667E+05  1.0953E+08  1.0806E+08  3.2000E+04
111010.E-03  1.7333E+05  1.1042E+08  1.0854E+08  4.2000E+04
114010.E-03  1.6933E+05  1.1130E+08  1.0969E+08  5.5000E+04
117010.E-03  1.8833E+05  1.1167E+08  1.1030E+08  7.6001E+04
120010.E-03  1.9400E+05  1.1254E+08  1.1101E+08  1.0067E+05
123010.E-03  2.2700E+05  1.1301E+08  1.1107E+08  1.2067E+05
126010.E-03  2.6000E+05  1.1307E+08  1.1163E+08  1.8267E+05
129010.E-03  2.4500E+05  1.1352E+08  1.1166E+08  2.7000E+05
132010.E-03  2.5833E+05  1.1345E+08  1.1166E+08  4.5434E+05
135010.E-03  2.7867E+05  1.1352E+08  1.1143E+08  7.2067E+05
138010.E-03  2.9034E+05  1.1275E+08  1.1021E+08  1.2687E+06
141010.E-03  3.0734E+05  1.1098E+08  1.0833E+08  2.5953E+06
144010.E-03  3.1267E+05  1.0795E+08  1.0370E+08  6.1023E+06
147010.E-03  3.2700E+05  1.0034E+08  9.3776E+07  1.4248E+07
150010.E-03  3.1134E+05  8.0483E+07  7.1247E+07  3.4538E+07
153010.E-03  3.6067E+05  6.6241E+07  8.4404E+07  1.6008E+08
156010.E-03  4.0301E+05  1.9951E+07  3.4170E+07  2.3480E+08
159010.E-03  4.5068E+05  6.8470E+06  1.3228E+07  2.5532E+08
162010.E-03  4.6768E+05  3.5638E+06  7.2029E+06  2.5493E+08
165010.E-03  5.2834E+05  2.3064E+06  4.7683E+06  2.5054E+08
168010.E-03  5.5901E+05  1.7084E+06  3.4918E+06  2.4452E+08
171010.E-03  5.9367E+05  1.2984E+06  2.7540E+06  2.3919E+08
174010.E-03  6.0867E+05  1.0393E+06  2.2347E+06  2.3313E+08
177010.E-03  6.4767E+05  8.6733E+05  1.8808E+06  2.2739E+08
180010.E-03  6.5867E+05  7.3900E+05  1.5601E+06  2.2147E+08
183010.E-03  6.9300E+05  6.1067E+05  1.3577E+06  2.1547E+08
186010.E-03  7.3200E+05  5.5034E+05  1.2007E+06  2.0953E+08
189010.E-03  7.5900E+05  4.9501E+05  1.0320E+06  2.0318E+08
192010.E-03  7.3333E+05  4.0834E+05  9.4932E+05  1.9685E+08
195010.E-03  7.4900E+05  3.6001E+05  8.3666E+05  1.9091E+08
198010.E-03  7.4200E+05  3.3367E+05  7.4133E+05  1.8465E+08
201010.E-03  8.0966E+05  3.0300E+05  6.6367E+05  1.7811E+08
204010.E-03  7.7000E+05  2.6900E+05  6.1134E+05  1.7147E+08
207010.E-03  7.8133E+05  2.3633E+05  5.6868E+05  1.6420E+08
210010.E-03  7.8166E+05  2.2100E+05  5.2701E+05  1.5740E+08
213010.E-03  7.9500E+05  1.8967E+05  4.6668E+05  1.5026E+08
216010.E-03  7.8766E+05  1.8200E+05  4.4334E+05  1.4362E+08
219010.E-03  7.9966E+05  1.6000E+05  4.2601E+05  1.3678E+08
222010.E-03  7.4633E+05  1.5067E+05  3.7567E+05  1.3031E+08
225010.E-03  7.5033E+05  1.4600E+05  3.4934E+05  1.2319E+08
228010.E-03  7.3700E+05  1.4000E+05  3.4367E+05  1.1628E+08
231010.E-03  7.5100E+05  1.2067E+05  3.1500E+05  1.0968E+08
234010.E-03  7.3167E+05  1.1367E+05  2.9834E+05  1.0347E+08
237010.E-03  6.9767E+05  1.1000E+05  2.8900E+05  9.6640E+07
240010.E-03  6.3334E+05  9.4334E+04  2.5700E+05  9.0739E+07
243010.E-03  6.3967E+05  8.3668E+04  2.2800E+05  8.4530E+07
246010.E-03  6.3034E+05  7.2667E+04  2.1233E+05  7.8634E+07
249010.E-03  5.8334E+05  6.8667E+04  1.9867E+05  7.2877E+07
252010.E-03  5.6601E+05  6.7667E+04  1.9300E+05  6.7646E+07
255010.E-03  5.3601E+05  6.3334E+04  1.9067E+05  6.2787E+07
258010.E-03  5.1268E+05  5.7667E+04  1.7500E+05  5.7942E+07
261010.E-03  4.7168E+05  4.5334E+04  1.7567E+05  5.3294E+07
264010.E-03  4.3567E+05  5.0000E+04  1.4800E+05  4.9100E+07
267010.E-03  4.1134E+05  4.9334E+04  1.5400E+05  4.5223E+07
270010.E-03  3.6801E+05  4.3667E+04  1.4100E+05  4.1442E+07
273010.E-03  3.3667E+05  3.6334E+04  1.4367E+05  3.7921E+07
276010.E-03  3.1600E+05  3.2334E+04  1.2600E+05  3.4549E+07
279010.E-03  2.8667E+05  2.7667E+04  1.1800E+05  3.1577E+07
282010.E-03  2.6267E+05  3.0000E+04  1.0500E+05  2.8657E+07
285010.E-03  2.4467E+05  2.4667E+04  9.1001E+04  2.6275E+07
288010.E-03  2.1633E+05  2.8334E+04  1.0133E+05  2.3695E+07
291010.E-03  1.8767E+05  2.3334E+04  7.9334E+04  2.1475E+07
294010.E-03  1.7333E+05  2.2000E+04  9.0001E+04  1.9295E+07
297010.E-03  1.4733E+05  1.9667E+04  8.4668E+04  1.6851E+07
300010.E-03  1.5033E+05  1.8000E+04  5.9667E+04  1.2682E+07
