DEPTH         Ga            O           Si            C       
   (Ang.)     Knock-Ons    Vacancies    Vacancies    Vacancies   
-----------  -----------  -----------  -----------  -----------  
901000.E-05  1141.49E-04  3845.26E-04  3592.81E-04  0000.00E+00  
180100.E-04  1386.61E-04  5048.99E-04  4672.14E-04  0000.00E+00  
270100.E-04  1386.61E-04  5561.21E-04  5378.27E-04  0000.00E+00  
360100.E-04  1353.69E-04  5334.37E-04  5180.70E-04  0000.00E+00  
450100.E-04  1492.71E-04  7123.49E-04  7097.88E-04  0000.00E+00  
540100.E-04  1521.98E-04  8308.92E-04  7855.24E-04  0000.00E+00  
630100.E-04  1551.25E-04  8788.22E-04  8275.99E-04  0000.00E+00  
720100.E-04  1726.87E-04  8477.22E-04  8338.19E-04  0000.00E+00  
810100.E-04  1598.81E-04  9190.68E-04  9446.79E-04  0000.00E+00  
900100.E-04  1708.57E-04  9852.91E-04  1025.17E-03  0000.00E+00  
990100.E-04  1858.58E-04  1009.80E-03  9893.15E-04  0000.00E+00  
108010.E-03  1862.23E-04  1082.25E-03  1053.34E-03  0000.00E+00  
117010.E-03  2078.09E-04  1172.25E-03  1134.57E-03  0000.00E+00  
126010.E-03  2015.90E-04  1168.23E-03  1128.71E-03  0000.00E+00  
135010.E-03  1928.09E-04  1210.67E-03  1198.23E-03  0000.00E+00  
144010.E-03  1990.29E-04  1159.08E-03  1195.67E-03  0000.00E+00  
153010.E-03  2019.55E-04  1127.98E-03  1121.40E-03  0000.00E+00  
162010.E-03  1964.68E-04  1132.01E-03  1126.88E-03  0000.00E+00  
171010.E-03  1950.04E-04  1080.42E-03  1090.66E-03  0000.00E+00  
180010.E-03  1825.65E-04  1087.74E-03  1076.76E-03  0000.00E+00  
189010.E-03  1646.38E-04  1006.51E-03  1031.76E-03  0000.00E+00  
198010.E-03  1668.33E-04  1054.08E-03  9856.57E-04  0000.00E+00  
207010.E-03  1525.64E-04  9534.60E-04  9322.39E-04  0000.00E+00  
216010.E-03  1364.66E-04  8451.61E-04  8440.64E-04  0000.00E+00  
225010.E-03  1298.81E-04  8795.53E-04  8385.76E-04  0000.00E+00  
234010.E-03  1317.10E-04  7767.43E-04  7818.65E-04  0000.00E+00  
243010.E-03  1178.07E-04  7130.81E-04  6999.09E-04  0000.00E+00  
252010.E-03  9878.26E-05  6413.70E-04  6263.69E-04  0000.00E+00  
261010.E-03  9183.13E-05  5667.31E-04  5696.58E-04  0000.00E+00  
270010.E-03  9183.13E-05  5586.82E-04  5575.84E-04  0000.00E+00  
279010.E-03  8707.51E-05  5641.70E-04  5447.79E-04  0000.00E+00  
288010.E-03  7866.03E-05  4657.50E-04  5059.96E-04  0000.00E+00  
297010.E-03  6987.96E-05  4646.53E-04  4328.22E-04  0000.00E+00  
306010.E-03  6439.17E-05  3801.36E-04  4094.06E-04  0000.00E+00  
315010.E-03  5268.41E-05  3354.99E-04  3365.97E-04  0000.00E+00  
324010.E-03  4792.79E-05  2904.97E-04  3065.95E-04  0000.00E+00  
333010.E-03  3878.14E-05  2798.86E-04  3007.41E-04  0000.00E+00  
342010.E-03  2670.80E-05  1902.48E-04  2070.78E-04  0000.00E+00  
351010.E-03  2195.18E-05  1723.21E-04  1756.13E-04  0000.00E+00  
360010.E-03  1939.07E-05  1818.33E-04  1778.09E-04  0000.00E+00  
369010.E-03  1536.62E-05  1452.47E-04  1478.08E-04  0000.00E+00  
378010.E-03  1353.69E-05  1225.64E-04  1309.78E-04  0000.00E+00  
387010.E-03  1097.59E-05  1159.78E-04  1115.88E-04  0000.00E+00  
396010.E-03  9878.29E-06  9256.30E-05  8927.02E-05  0000.00E+00  
405010.E-03  8780.70E-06  6658.69E-05  6805.03E-05  0000.00E+00  
414010.E-03  5853.80E-06  6402.58E-05  6183.07E-05  0000.00E+00  
423010.E-03  4756.22E-06  6475.76E-05  5634.27E-05  0000.00E+00  
432010.E-03  3292.76E-06  4792.79E-05  4756.21E-05  0000.00E+00  
441010.E-03  1097.59E-06  3512.28E-05  3695.21E-05  0000.00E+00  
450010.E-03  7317.25E-07  4207.41E-05  3585.45E-05  0000.00E+00  
459010.E-03  3658.63E-07  3109.83E-05  2780.56E-05  0000.00E+00  
468010.E-03  1097.59E-06  2853.73E-05  3146.42E-05  0000.00E+00  
477010.E-03  1097.59E-06  2122.00E-05  2707.38E-05  0000.00E+00  
486010.E-03  1463.45E-06  2487.87E-05  2780.56E-05  0000.00E+00  
495010.E-03  1097.59E-06  1792.73E-05  2122.00E-05  0000.00E+00  
504010.E-03  3658.63E-07  7683.12E-06  9878.29E-06  1317.11E-05  
513010.E-03  0000.00E+00  0000.00E+00  0000.00E+00  3768.38E-05  
522010.E-03  0000.00E+00  0000.00E+00  0000.00E+00  1829.31E-05  
531010.E-03  0000.00E+00  0000.00E+00  0000.00E+00  1317.11E-05  
540010.E-03  0000.00E+00  0000.00E+00  0000.00E+00  1280.52E-05  
549010.E-03  0000.00E+00  0000.00E+00  0000.00E+00  4390.35E-06  
558010.E-03  0000.00E+00  0000.00E+00  0000.00E+00  0000.00E+00  
567010.E-03  0000.00E+00  0000.00E+00  0000.00E+00  0000.00E+00  
576010.E-03  0000.00E+00  0000.00E+00  0000.00E+00  0000.00E+00  
585010.E-03  0000.00E+00  0000.00E+00  0000.00E+00  0000.00E+00  
594010.E-03  0000.00E+00  0000.00E+00  0000.00E+00  0000.00E+00  
603010.E-03  0000.00E+00  0000.00E+00  0000.00E+00  0000.00E+00  
612010.E-03  0000.00E+00  0000.00E+00  0000.00E+00  0000.00E+00  
621010.E-03  0000.00E+00  0000.00E+00  0000.00E+00  0000.00E+00  
630010.E-03  0000.00E+00  0000.00E+00  0000.00E+00  0000.00E+00  
639010.E-03  0000.00E+00  0000.00E+00  0000.00E+00  0000.00E+00  
648010.E-03  0000.00E+00  0000.00E+00  0000.00E+00  0000.00E+00  
657010.E-03  0000.00E+00  0000.00E+00  0000.00E+00  0000.00E+00  
666010.E-03  0000.00E+00  0000.00E+00  0000.00E+00  0000.00E+00  
675010.E-03  0000.00E+00  0000.00E+00  0000.00E+00  0000.00E+00  
684010.E-03  0000.00E+00  0000.00E+00  0000.00E+00  0000.00E+00  
693010.E-03  0000.00E+00  0000.00E+00  0000.00E+00  0000.00E+00  
702010.E-03  0000.00E+00  0000.00E+00  0000.00E+00  0000.00E+00  
711010.E-03  0000.00E+00  0000.00E+00  0000.00E+00  0000.00E+00  
720010.E-03  0000.00E+00  0000.00E+00  0000.00E+00  0000.00E+00  
729010.E-03  0000.00E+00  0000.00E+00  0000.00E+00  0000.00E+00  
738010.E-03  0000.00E+00  0000.00E+00  0000.00E+00  0000.00E+00  
747010.E-03  0000.00E+00  0000.00E+00  0000.00E+00  0000.00E+00  
756010.E-03  0000.00E+00  0000.00E+00  0000.00E+00  0000.00E+00  
765010.E-03  0000.00E+00  0000.00E+00  0000.00E+00  0000.00E+00  
774010.E-03  0000.00E+00  0000.00E+00  0000.00E+00  0000.00E+00  
783010.E-03  0000.00E+00  0000.00E+00  0000.00E+00  0000.00E+00  
792010.E-03  0000.00E+00  0000.00E+00  0000.00E+00  0000.00E+00  
801010.E-03  0000.00E+00  0000.00E+00  0000.00E+00  0000.00E+00  
810010.E-03  0000.00E+00  0000.00E+00  0000.00E+00  0000.00E+00  
819010.E-03  0000.00E+00  0000.00E+00  0000.00E+00  0000.00E+00  
828010.E-03  0000.00E+00  0000.00E+00  0000.00E+00  0000.00E+00  
837010.E-03  0000.00E+00  0000.00E+00  0000.00E+00  0000.00E+00  
846010.E-03  0000.00E+00  0000.00E+00  0000.00E+00  0000.00E+00  
855010.E-03  0000.00E+00  0000.00E+00  0000.00E+00  0000.00E+00  
864010.E-03  0000.00E+00  0000.00E+00  0000.00E+00  0000.00E+00  
873010.E-03  0000.00E+00  0000.00E+00  0000.00E+00  0000.00E+00  
882010.E-03  0000.00E+00  0000.00E+00  0000.00E+00  0000.00E+00  
891010.E-03  0000.00E+00  0000.00E+00  0000.00E+00  0000.00E+00  
900010.E-03  0000.00E+00  0000.00E+00  0000.00E+00  0000.00E+00  

 To convert to Energy Lost - multiply by Average Binding Energy =  2.666667  eV/Vacancy
