   DEPTH         Ga          O         Si          C    
   (Ang.)       Ions     Tgt. Atoms  Tgt. Atoms  Tgt. Atoms
-----------  ----------  ----------  ----------  ----------
551000.E-05  0.0000E+00  3.4113E+07  2.8574E+07  6.0183E+04
110100.E-04  0.0000E+00  3.1297E+07  3.3424E+07  4.7455E+04
165100.E-04  0.0000E+00  4.0541E+07  4.1948E+07  7.3274E+04
220100.E-04  7.2728E+02  4.7372E+07  4.8753E+07  1.1691E+05
275100.E-04  3.6364E+02  5.3420E+07  5.4613E+07  2.2073E+05
330100.E-04  1.2727E+03  5.8265E+07  5.9689E+07  4.6947E+05
385100.E-04  1.0909E+03  6.1730E+07  6.3392E+07  1.1613E+06
440100.E-04  2.9091E+03  6.2264E+07  6.5325E+07  4.2093E+06
495100.E-04  4.3637E+03  5.0851E+07  5.6396E+07  1.8853E+07
550100.E-04  9.4546E+03  3.7280E+07  2.8736E+07  1.3430E+08
605100.E-04  1.4182E+04  6.8716E+06  3.5798E+06  1.9518E+08
660100.E-04  2.2909E+04  2.4202E+06  1.1963E+06  2.0526E+08
715100.E-04  4.0910E+04  1.3705E+06  6.8566E+05  2.1210E+08
770100.E-04  5.8001E+04  9.3694E+05  4.7074E+05  2.1850E+08
825100.E-04  8.5455E+04  6.8784E+05  3.5510E+05  2.2474E+08
880100.E-04  1.1109E+05  5.3584E+05  2.7164E+05  2.2941E+08
935100.E-04  1.4218E+05  4.4892E+05  2.1855E+05  2.3430E+08
990100.E-04  1.9346E+05  3.6201E+05  1.7909E+05  2.3793E+08
104510.E-03  2.3328E+05  2.9564E+05  1.5873E+05  2.4106E+08
110010.E-03  3.0001E+05  2.6582E+05  1.2891E+05  2.4357E+08
115510.E-03  3.4510E+05  2.4182E+05  1.1527E+05  2.4439E+08
121010.E-03  4.0910E+05  2.1310E+05  1.0473E+05  2.4348E+08
126510.E-03  4.9656E+05  1.9037E+05  8.5637E+04  2.4093E+08
132010.E-03  5.6820E+05  1.6873E+05  7.3819E+04  2.3612E+08
137510.E-03  6.4966E+05  1.5109E+05  6.5092E+04  2.3046E+08
143010.E-03  7.3966E+05  1.3236E+05  5.6910E+04  2.2237E+08
148510.E-03  8.0403E+05  1.2182E+05  5.6183E+04  2.1299E+08
154010.E-03  8.8221E+05  1.1400E+05  4.7455E+04  2.0218E+08
159510.E-03  9.1840E+05  1.0218E+05  4.3637E+04  1.8972E+08
165010.E-03  9.5640E+05  9.6546E+04  3.9091E+04  1.7624E+08
170510.E-03  9.6040E+05  8.9455E+04  3.5637E+04  1.6233E+08
176010.E-03  9.5040E+05  8.3455E+04  3.2728E+04  1.4807E+08
181510.E-03  9.3931E+05  7.3455E+04  3.4364E+04  1.3406E+08
187010.E-03  9.2985E+05  6.8546E+04  3.0182E+04  1.2018E+08
192510.E-03  8.9076E+05  6.3455E+04  2.2364E+04  1.0604E+08
198010.E-03  8.0239E+05  5.3819E+04  2.0364E+04  9.4002E+07
203510.E-03  7.4293E+05  5.2183E+04  1.9091E+04  8.1770E+07
209010.E-03  6.5766E+05  4.6546E+04  1.4546E+04  7.0873E+07
214510.E-03  5.9820E+05  3.8910E+04  1.5091E+04  6.1128E+07
220010.E-03  5.0111E+05  3.7273E+04  1.2000E+04  5.2137E+07
225510.E-03  4.4565E+05  3.6546E+04  1.3636E+04  4.3807E+07
231010.E-03  3.6874E+05  3.6000E+04  9.6365E+03  3.6561E+07
236510.E-03  3.0528E+05  3.0000E+04  1.1091E+04  3.0622E+07
242010.E-03  2.4764E+05  2.6000E+04  7.4546E+03  2.5766E+07
247510.E-03  1.9946E+05  2.6728E+04  6.3637E+03  2.1387E+07
253010.E-03  1.6037E+05  1.9818E+04  6.9092E+03  1.7754E+07
258510.E-03  1.2709E+05  1.9818E+04  6.7273E+03  1.4794E+07
264010.E-03  9.6365E+04  2.2182E+04  2.9091E+03  1.2124E+07
269510.E-03  7.5092E+04  1.7637E+04  4.5455E+03  1.0083E+07
275010.E-03  5.2728E+04  1.6727E+04  3.4546E+03  8.4069E+06
280510.E-03  3.7455E+04  1.2000E+04  2.7273E+03  7.0496E+06
286010.E-03  3.2728E+04  1.2364E+04  3.0909E+03  5.7772E+06
291510.E-03  2.2727E+04  1.1636E+04  2.0000E+03  4.7626E+06
297010.E-03  1.5637E+04  1.2546E+04  1.4546E+03  4.0005E+06
302510.E-03  1.0364E+04  8.5455E+03  1.8182E+03  3.2822E+06
308010.E-03  7.0910E+03  8.1819E+03  9.0910E+02  2.7616E+06
313510.E-03  4.5455E+03  8.0001E+03  3.6364E+02  2.3100E+06
319010.E-03  3.8182E+03  6.9092E+03  0.0000E+00  1.8858E+06
324510.E-03  2.1818E+03  6.9092E+03  3.6364E+02  1.6244E+06
330010.E-03  3.6364E+02  4.7273E+03  1.8182E+02  1.3314E+06
335510.E-03  1.0909E+03  4.0000E+03  5.4546E+02  1.1271E+06
341010.E-03  3.6364E+02  3.6364E+03  1.8182E+02  9.2458E+05
346510.E-03  1.8182E+02  2.9091E+03  3.6364E+02  7.8657E+05
352010.E-03  7.2728E+02  2.7273E+03  3.6364E+02  6.5748E+05
357510.E-03  1.8182E+02  9.0910E+02  0.0000E+00  5.0802E+05
363010.E-03  0.0000E+00  3.4546E+03  0.0000E+00  4.4147E+05
368510.E-03  1.8182E+02  1.8182E+03  0.0000E+00  3.5492E+05
374010.E-03  0.0000E+00  2.0000E+03  0.0000E+00  2.9419E+05
379510.E-03  0.0000E+00  1.6364E+03  0.0000E+00  2.3619E+05
385010.E-03  1.8182E+02  1.2727E+03  0.0000E+00  1.9709E+05
390510.E-03  0.0000E+00  3.6364E+02  0.0000E+00  1.5727E+05
396010.E-03  0.0000E+00  5.4546E+02  0.0000E+00  1.2291E+05
401510.E-03  0.0000E+00  9.0910E+02  0.0000E+00  1.1109E+05
407010.E-03  0.0000E+00  1.8182E+02  0.0000E+00  7.8728E+04
412510.E-03  0.0000E+00  7.2728E+02  0.0000E+00  5.3455E+04
418010.E-03  0.0000E+00  1.8182E+02  0.0000E+00  3.8364E+04
423510.E-03  0.0000E+00  3.6364E+02  0.0000E+00  3.8364E+04
429010.E-03  0.0000E+00  3.6364E+02  0.0000E+00  3.3455E+04
434510.E-03  0.0000E+00  3.6364E+02  0.0000E+00  2.2546E+04
440010.E-03  0.0000E+00  0.0000E+00  0.0000E+00  1.8364E+04
445510.E-03  0.0000E+00  0.0000E+00  0.0000E+00  1.2182E+04
451010.E-03  0.0000E+00  0.0000E+00  0.0000E+00  5.8182E+03
456510.E-03  0.0000E+00  1.8182E+02  0.0000E+00  3.0909E+03
462010.E-03  0.0000E+00  0.0000E+00  0.0000E+00  2.7273E+03
467510.E-03  0.0000E+00  0.0000E+00  0.0000E+00  1.8182E+03
473010.E-03  0.0000E+00  0.0000E+00  0.0000E+00  5.4546E+02
478510.E-03  0.0000E+00  0.0000E+00  0.0000E+00  1.4546E+03
484010.E-03  0.0000E+00  0.0000E+00  0.0000E+00  9.0910E+02
489510.E-03  0.0000E+00  0.0000E+00  0.0000E+00  1.6364E+03
495010.E-03  0.0000E+00  0.0000E+00  0.0000E+00  3.6364E+02
500510.E-03  0.0000E+00  0.0000E+00  0.0000E+00  1.8182E+02
506010.E-03  0.0000E+00  0.0000E+00  0.0000E+00  0.0000E+00
511510.E-03  0.0000E+00  0.0000E+00  0.0000E+00  0.0000E+00
517010.E-03  0.0000E+00  0.0000E+00  0.0000E+00  0.0000E+00
522510.E-03  0.0000E+00  0.0000E+00  0.0000E+00  0.0000E+00
528010.E-03  0.0000E+00  0.0000E+00  0.0000E+00  0.0000E+00
533510.E-03  0.0000E+00  0.0000E+00  0.0000E+00  0.0000E+00
539010.E-03  0.0000E+00  0.0000E+00  0.0000E+00  0.0000E+00
544510.E-03  0.0000E+00  0.0000E+00  0.0000E+00  0.0000E+00
550010.E-03  0.0000E+00  0.0000E+00  0.0000E+00  0.0000E+00
