   DEPTH         Ga            O           Si            C       
   (Ang.)     Knock-Ons    Vacancies    Vacancies    Vacancies   
-----------  -----------  -----------  -----------  -----------  
551000.E-05  9097.17E-05  3114.45E-04  2886.12E-04  0000.00E+00  
110100.E-04  1298.58E-04  3460.51E-04  3328.50E-04  0000.00E+00  
165100.E-04  1305.71E-04  4241.81E-04  4091.97E-04  0000.00E+00  
220100.E-04  1441.28E-04  4923.23E-04  4869.71E-04  0000.00E+00  
275100.E-04  1387.77E-04  5700.97E-04  5494.05E-04  0000.00E+00  
330100.E-04  1412.74E-04  6057.73E-04  6232.54E-04  0000.00E+00  
385100.E-04  1526.90E-04  6749.85E-04  6496.55E-04  0000.00E+00  
440100.E-04  1480.52E-04  7274.29E-04  7006.72E-04  0000.00E+00  
495100.E-04  1576.84E-04  7081.64E-04  7006.72E-04  0000.00E+00  
550100.E-04  2975.31E-04  6064.76E-05  5779.36E-05  1808.42E-03  
605100.E-04  2936.07E-04  0000.00E+00  0000.00E+00  1943.27E-03  
660100.E-04  3014.55E-04  0000.00E+00  0000.00E+00  1978.59E-03  
715100.E-04  3314.23E-04  0000.00E+00  0000.00E+00  1960.75E-03  
770100.E-04  3289.26E-04  0000.00E+00  0000.00E+00  2105.57E-03  
825100.E-04  3210.77E-04  0000.00E+00  0000.00E+00  2123.40E-03  
880100.E-04  3421.26E-04  0000.00E+00  0000.00E+00  2264.27E-03  
935100.E-04  3374.88E-04  0000.00E+00  0000.00E+00  2232.18E-03  
990100.E-04  3546.13E-04  0000.00E+00  0000.00E+00  2275.33E-03  
104510.E-03  3471.21E-04  0000.00E+00  0000.00E+00  2221.83E-03  
110010.E-03  3424.83E-04  0000.00E+00  0000.00E+00  2311.71E-03  
115510.E-03  3635.32E-04  0000.00E+00  0000.00E+00  2294.23E-03  
121010.E-03  3578.24E-04  0000.00E+00  0000.00E+00  2285.31E-03  
126510.E-03  3578.24E-04  0000.00E+00  0000.00E+00  2323.12E-03  
132010.E-03  3467.64E-04  0000.00E+00  0000.00E+00  2258.92E-03  
137510.E-03  3317.80E-04  0000.00E+00  0000.00E+00  2140.52E-03  
143010.E-03  3118.01E-04  0000.00E+00  0000.00E+00  2039.59E-03  
148510.E-03  2903.96E-04  0000.00E+00  0000.00E+00  1969.32E-03  
154010.E-03  2600.71E-04  0000.00E+00  0000.00E+00  1796.64E-03  
159510.E-03  2661.36E-04  0000.00E+00  0000.00E+00  1738.49E-03  
165010.E-03  2358.12E-04  0000.00E+00  0000.00E+00  1527.29E-03  
170510.E-03  2172.61E-04  0000.00E+00  0000.00E+00  1447.73E-03  
176010.E-03  2019.21E-04  0000.00E+00  0000.00E+00  1322.86E-03  
181510.E-03  1808.73E-04  0000.00E+00  0000.00E+00  1236.53E-03  
187010.E-03  1633.92E-04  0000.00E+00  0000.00E+00  1051.73E-03  
192510.E-03  1398.47E-04  0000.00E+00  0000.00E+00  8904.69E-04  
198010.E-03  1241.50E-04  0000.00E+00  0000.00E+00  7873.65E-04  
203510.E-03  1041.72E-04  0000.00E+00  0000.00E+00  7256.45E-04  
209010.E-03  8205.29E-05  0000.00E+00  0000.00E+00  6228.98E-04  
214510.E-03  6599.89E-05  0000.00E+00  0000.00E+00  5019.55E-04  
220010.E-03  5636.66E-05  0000.00E+00  0000.00E+00  4309.60E-04  
225510.E-03  4673.43E-05  0000.00E+00  0000.00E+00  3899.32E-04  
231010.E-03  4851.81E-05  0000.00E+00  0000.00E+00  3799.43E-04  
236510.E-03  3246.43E-05  0000.00E+00  0000.00E+00  3014.55E-04  
242010.E-03  2532.93E-05  0000.00E+00  0000.00E+00  2493.68E-04  
247510.E-03  1676.73E-05  0000.00E+00  0000.00E+00  1730.24E-04  
253010.E-03  1248.63E-05  0000.00E+00  0000.00E+00  1509.06E-04  
258510.E-03  8918.78E-06  0000.00E+00  0000.00E+00  1198.69E-04  
264010.E-03  4281.01E-06  0000.00E+00  0000.00E+00  9239.87E-05  
269510.E-03  3210.76E-06  0000.00E+00  0000.00E+00  8169.61E-05  
275010.E-03  3567.51E-06  0000.00E+00  0000.00E+00  5565.31E-05  
280510.E-03  5351.27E-06  0000.00E+00  0000.00E+00  5422.61E-05  
286010.E-03  1783.75E-06  0000.00E+00  0000.00E+00  4637.76E-05  
291510.E-03  1070.25E-06  0000.00E+00  0000.00E+00  3460.48E-05  
297010.E-03  1427.00E-06  0000.00E+00  0000.00E+00  3210.76E-05  
302510.E-03  1070.25E-06  0000.00E+00  0000.00E+00  2925.36E-05  
308010.E-03  0000.00E+00  0000.00E+00  0000.00E+00  1676.73E-05  
313510.E-03  0000.00E+00  0000.00E+00  0000.00E+00  1534.03E-05  
319010.E-03  0000.00E+00  0000.00E+00  0000.00E+00  1498.35E-05  
324510.E-03  0000.00E+00  0000.00E+00  0000.00E+00  1212.95E-05  
330010.E-03  0000.00E+00  0000.00E+00  0000.00E+00  1105.93E-05  
335510.E-03  0000.00E+00  0000.00E+00  0000.00E+00  1070.25E-05  
341010.E-03  0000.00E+00  0000.00E+00  0000.00E+00  8562.02E-06  
346510.E-03  0000.00E+00  0000.00E+00  0000.00E+00  3210.76E-06  
352010.E-03  0000.00E+00  0000.00E+00  0000.00E+00  4637.76E-06  
357510.E-03  0000.00E+00  0000.00E+00  0000.00E+00  2497.26E-06  
363010.E-03  0000.00E+00  0000.00E+00  0000.00E+00  3567.51E-07  
368510.E-03  0000.00E+00  0000.00E+00  0000.00E+00  1070.25E-06  
374010.E-03  0000.00E+00  0000.00E+00  0000.00E+00  1070.25E-06  
379510.E-03  0000.00E+00  0000.00E+00  0000.00E+00  1783.75E-06  
385010.E-03  0000.00E+00  0000.00E+00  0000.00E+00  1783.75E-06  
390510.E-03  0000.00E+00  0000.00E+00  0000.00E+00  0000.00E+00  
396010.E-03  0000.00E+00  0000.00E+00  0000.00E+00  0000.00E+00  
401510.E-03  0000.00E+00  0000.00E+00  0000.00E+00  0000.00E+00  
407010.E-03  0000.00E+00  0000.00E+00  0000.00E+00  0000.00E+00  
412510.E-03  0000.00E+00  0000.00E+00  0000.00E+00  0000.00E+00  
418010.E-03  0000.00E+00  0000.00E+00  0000.00E+00  0000.00E+00  
423510.E-03  0000.00E+00  0000.00E+00  0000.00E+00  0000.00E+00  
429010.E-03  0000.00E+00  0000.00E+00  0000.00E+00  0000.00E+00  
434510.E-03  0000.00E+00  0000.00E+00  0000.00E+00  0000.00E+00  
440010.E-03  0000.00E+00  0000.00E+00  0000.00E+00  0000.00E+00  
445510.E-03  0000.00E+00  0000.00E+00  0000.00E+00  0000.00E+00  
451010.E-03  0000.00E+00  0000.00E+00  0000.00E+00  0000.00E+00  
456510.E-03  0000.00E+00  0000.00E+00  0000.00E+00  0000.00E+00  
462010.E-03  0000.00E+00  0000.00E+00  0000.00E+00  0000.00E+00  
467510.E-03  0000.00E+00  0000.00E+00  0000.00E+00  0000.00E+00  
473010.E-03  0000.00E+00  0000.00E+00  0000.00E+00  0000.00E+00  
478510.E-03  0000.00E+00  0000.00E+00  0000.00E+00  0000.00E+00  
484010.E-03  0000.00E+00  0000.00E+00  0000.00E+00  0000.00E+00  
489510.E-03  0000.00E+00  0000.00E+00  0000.00E+00  0000.00E+00  
495010.E-03  0000.00E+00  0000.00E+00  0000.00E+00  0000.00E+00  
500510.E-03  0000.00E+00  0000.00E+00  0000.00E+00  0000.00E+00  
506010.E-03  0000.00E+00  0000.00E+00  0000.00E+00  0000.00E+00  
511510.E-03  0000.00E+00  0000.00E+00  0000.00E+00  0000.00E+00  
517010.E-03  0000.00E+00  0000.00E+00  0000.00E+00  0000.00E+00  
522510.E-03  0000.00E+00  0000.00E+00  0000.00E+00  0000.00E+00  
528010.E-03  0000.00E+00  0000.00E+00  0000.00E+00  0000.00E+00  
533510.E-03  0000.00E+00  0000.00E+00  0000.00E+00  0000.00E+00  
539010.E-03  0000.00E+00  0000.00E+00  0000.00E+00  0000.00E+00  
544510.E-03  0000.00E+00  0000.00E+00  0000.00E+00  0000.00E+00  
550010.E-03  0000.00E+00  0000.00E+00  0000.00E+00  0000.00E+00  

 To convert to Energy Lost - multiply by Average Binding Energy =  2.666667  eV/Vacancy
